94600
77100
76800
76100
76200
75500
76200
75800
75900
76000
75200
75900
75800
76600
75500
74600
75500
75600
76200
52900
56600
43500
44700
43500
43800
43300
43800
43400
43300
43900
43100
43600
43400
43600
43100
43900
43100
43800
43100
43800
42400
43100
44000
43600
43700
56800
41900
46700
44000
44200
44100
44800
43400
43800
43500
43600
43000
44000
43600
44000
44800
44200
43900
44100
43400
44000
43900
43600
42400
42600
42600
42300
18500
17100
18500
18900
19700
20800
20800
21400
23100
23800
24000
24900
25600
26800
27800
11900
11400
11500
11400
12300
11400
11500
11200
11500
11600
11400
11600
12500
11400
11300
11400
11500
11500
11400
11500
12700
13800
12600
12700
13000
12600
12600
12600
12600
13600
12700
12600
12500
12500
12800
4392200
18200
16000
12600
12600
12700
12600
12600
126900
12900
50100
12500
12500
12900
12700
12500
12400
12500
21900
12800
31000
12600
25500
12200
12100
12400
12300
13000
12100
12200
12100
12400
12100
12400
12200
13100
12100
12400
12200
12200
12400
12400
12200
13200
12200
12200
12400
12300
12100
12400
12100
13400
12100
12100
12100
12300
12100
12200
12200
13300
12400
12300
12100
12100
12100
12200
12200
12200
13000
12600
12500
12500
12700
12500
12600
12500
13700
12600
12600
12600
12500
12500
12900
12600
13700
12900
12600
12600
12500
12500
12900
12800
13700
25500
12200
12300
12100
12200
12100
12100
13100
12400
12200
12100
12100
12000
12100
12200
12400
12900
12200
12200
12100
12100
12000
12200
12200
13000
12200
12200
12100
12200
12200
12300
12400
13000
12100
12200
12300
12100
12300
12200
12500
13500
12500
12500
12500
12800
12600
12500
12900
13900
12700
12700
12900
12500
12900
13000
12900
12800
13400
55200
12700
12600
12800
25800
12300
12100
13700
12100
12300
12300
12500
12100
12200
12400
13500
12100
12300
12100
12100
12100
12200
12100
13300
12200
12400
12200
31200
25900
12400
12400
13200
12500
12300
12400
12300
12200
12100
12300
12300
13000
12500
12100
12100
12100
12100
12200
12100
13300
12400
12700
12100
12200
12300
12300
12400
13200
12200
12200
12100
12100
12100
12300
12100
13200
12300
12300
12000
12400
12400
12100
12100
13100
12200
12200
12100
12100
12100
12200
12400
12100
13300
12100
12200
12000
12100
12300
12200
12100
13100
12200
12400
12100
12100
12200
12100
12300
13100
12200
12500
12200
12200
12100
12400
12400
13200
12400
12400
12100
12100
12400
12500
12500
13700
16000
12700
12500
12600
12600
12700
12600
12600
64900
12900
12500
12500
12500
12500
12500
12500
62800
12700
99500
13400
12800
13000
12600
12700
51300
12600
13000
12800
12700
12300
12500
12500
43900
12200
12200
12200
12200
12400
12100
12200
33700
12100
12200
12200
12100
12300
12100
12100
12500
57000
12100
12200
12300
12200
12500
12200
12100
50300
12300
12500
12200
12500
12500
12200
12500
44600
12200
12200
12500
12400
12500
12400
12500
39100
12300
12500
12500
12200
12200
12500
12200
34100
12400
31000
44000
25500
12200
2700
2500
2300
2500
2500
2400
21200
2700
2500
2400
2400
2400
2400
2500
2400
2300
2300
2400
2300
2300
2300
2400
2400
2300
2300
2300
2400
2300
2300
2300
2500
2500
2300
2300
2300
2300
2300
2300
2400
2400
2300
2300
2300
2400
2400
2400
2300
2300
2300
2300
2300
2400
2400
2400
2400
2400
2300
2300
2400
2300
2300
2300
2300
2400
2300
2300
2400
2300
2300
2300
2300
2400
2300
2300
2300
2400
2300
2400
2300
2400
2300
2300
2300
2300
2300
2400
2400
2300
2400
2300
2400
2400
2300
2300
2400
2300
2200
2400
2400
2300
2300
2300
2400
2300
2400
2400
2400
2300
2300
2300
2400
2500
2300
2400
2400
2400
2300
2300
2400
2400
2300
2300
2300
2400
2200
2400
