1118600
971500
323100
244200
189100
201000
201000
195700
196100
196800
194000
194700
195700
197700
194700
197300
226200
201100
204500
195600
194600
200000
195000
206100
226300
221000
189400
188900
188700
189500
188300
192200
187400
188900
264200
193600
188800
188100
188600
191500
188000
187000
189600
189500
194600
187400
187900
191800
186700
188300
188000
190700
337300
149900
119300
1785600
131800
138000
129300
117400
154800
137400
120500
120000
150400
113700
113800
113200
113700
133600
155000
173900
162700
117300
119600
128900
110700
113700
109100
110800
114200
119100
113000
115300
117100
118600
111300
115700
111200
115700
112200
111600
118700
122000
110800
116400
126300
119800
114500
115800
110500
153200
118900
130100
121700
132800
118000
116700
116200
115900
119800
195500
122500
124600
119800
121700
123500
113400
118000
121900
121800
119500
4836900
142100
115100
155400
117400
118400
116900
119300
118900
131100
116000
146800
117100
121200
113600
114700
115000
113100
114000
132500
143300
129000
114500
120100
115600
114400
2563800
125400
93700
95500
112500
115000
115800
101900
91300
90500
90500
108500
113900
99100
90700
90400
92700
90300
89800
91000
90100
90200
89600
92000
115600
94000
95400
93300
93200
93100
94800
114500
94800
93600
93100
93200
92900
92600
94700
95900
93100
93300
93300
93100
94300
100900
93300
93100
93800
90100
90600
90900
109100
90500
109000
136400
90500
168400
112100
91000
90800
90100
89900
90700
96000
155200
93200
93900
92900
89900
110600
94300
94300
90200
90600
91100
90500
90100
92800
90200
89800
90100
89800
89900
93200
89800
90100
123200
103900
213500
91600
93100
87800
87900
87600
87400
87500
88100
88800
89200
87300
88000
86900
87400
90000
87700
124300
125800
105200
90200
90700
90500
105700
87700
91500
87100
88500
89700
87600
87100
87700
87000
87100
90200
86900
87300
87300
87100
87400
160400
175500
119400
122200
87700
87500
87700
88200
87000
88100
127300
97600
98000
84600
88400
84200
84100
84200
85900
84100
84400
84000
84200
83900
83900
84200
83800
87900
84600
84100
83900
84600
83900
84700
84000
83800
83700
86000
83800
84000
86500
106700
171600
226700
226900
187800
84900
84100
83900
83900
87800
84000
84100
105500
110600
111200
108800
111100
112000
109000
109900
110600
108900
111100
112000
112800
113200
110900
109900
111000
111300
110100
114600
110400
178100
112600
111400
109200
115200
113600
111400
109500
111200
111600
109400
116000
111200
109400
110500
111300
109600
111400
114800
109900
169400
110900
109600
110900
112500
109800
110300
111200
109500
112000
111300
113600
109600
214800
160400
159300
110800
112700
109800
110800
111200
110500
111200
111600
113100
112800
110500
109500
110500
110800
109900
110400
112200
109100
110800
111200
109500
113400
112300
111500
109200
110800
109900
111600
111600
203600
112400
111800
112000
114700
171100
138500
159300
130000
127000
110200
112700
111100
110000
111500
172800
109700
111700
203200
128600
109800
111400
110200
113300
124000
154600
174000
216900
134000
179600
113600
116700
112400
118100
110800
110000
110900
110300
110700
109600
110800
111200
115300
113400
118000
165300
131800
115700
111300
113400
110700
119300
110200
115300
117800
111500
158400
182500
195900
113100
121000
115200
119500
113600
119800
178800
114600
171100
146100
115400
120300
112600
113300
115700
180000
184000
200300
150000
142600
114700
117400
126100
110700
116700
112900
112500
112400
112900
113700
111100
111400
117200
117400
111900
108900
112300
115600
114300
112300
112200
110300
111400
219900
194300
144200
113000
115300
109300
111600
116200
113700
159000
111500
183900
126300
111300
111700
112500
112500
114900
111000
144600
205700
135300
144900
110500
108800
116200
112100
111100
110300
111600
110600
109800
177700
115500
112300
112300
110700
109200
111500
111200
111100
109500
112500
111400
109200
111700
116500
113700
112700
111700
110100
112400
111000
110900
109800
110500
111100
109300
111000
114900
113500
112100
110400
109600
112100
164500
126900
109800
110400
112300
109800
110900
115800
115000
113600
111500
109600
112100
111000
110600
110500
110700
