8258600
5207000
2242600
5210700
5153700
1324900
1348800
1230100
1230500
1299500
1231300
1226000
1321400
1239500
1237800
1335800
1284300
1233100
1296700
1268100
1235500
1298400
1230900
1230500
1296500
1228400
1228200
1262500
1229700
1238000
1239000
1400500
1280100
1231100
1229900
1235600
1231500
1207000
1264100
1229300
1297300
1228900
1229100
1292700
1230900
1238500
1325700
1270500
1312100
1274400
1267700
1278000
1309400
1268400
1269100
1310400
1246200
1269000
1300200
1267700
1283200
1303500
1334900
1267800
1336000
1232500
1232600
1230800
1298300
1231000
1225900
1313500
1267400
1275100
1314700
1252100
1333800
1336800
1269200
1274200
1270900
1267200
1269300
1305500
1268000
1265000
1266600
1265200
1266700
1278600
1234900
1230200
1307100
1188200
1276100
1275300
1256700
1229400
1226500
1254800
1228300
1317700
1343100
1337800
1226600
1307900
1282300
1281700
1370100
1284900
1335300
1436000
1359800
1448400
1281400
1387700
1360500
1324400
1324100
1516400
1358000
1341400
5451500
1359300
1281000
1348800
1368800
1366200
1436600
1361600
1286100
1387700
1301900
1310200
1319100
1284500
1282600
1382300
1280400
1279100
1325400
1280400
1289200
1355400
1281300
1318200
1383200
1280000
1281700
1323900
1282000
1281600
1348400
1280000
1279700
1348100
1279000
1280200
1320500
1289200
1281400
1384600
1282600
1280800
1321100
1281500
1279900
1349500
1389300
1313100
1380700
1300500
1283900
1349500
1291400
1330700
1357200
1354100
1285700
1356300
1320800
1368900
1320600
1283200
1284000
1337800
1300000
1279800
1352400
1287300
1296500
1390100
1312200
1286900
1320100
1287400
1290800
1321800
1321500
1321900
1353300
1279100
1279600
1333700
1304400
1301400
1391500
1283800
1305100
1390000
1280700
1284500
1314900
1284400
1319100
1402500
1281800
1279600
1577600
1320700
1281700
1400300
1294300
1341000
1323300
1283800
1281500
1288400
1321300
1281800
1361400
1281400
1280700
1337000
1278700
1278400
1284300
1308600
1307600
1587900
1300300
1324400
1355700
1284100
1281300
1443400
1325000
1280400
1395400
1293300
1277400
1291800
1282800
1288300
1501100
1339700
1351600
1603400
1593700
1559600
1630900
1596800
1623700
1384500
1366400
1565200
1430100
1476400
1376400
1411000
1687500
1408100
1437900
1518800
1723000
1789800
1532200
1435100
1408300
1402900
1412700
1346700
1294400
1352600
1351000
1284000
1432200
1515400
1397000
1362700
1282400
1310500
1385700
1278400
1280600
1313500
1280500
1296800
1351900
1328300
1338200
1392000
1343300
1280800
1340500
1289200
1284500
1318700
1287200
1287200
1412900
1432400
1391500
1389700
1291000
1286000
1499800
1466700
1404600
1513200
1439400
1764800
1400600
1628500
1527900
1412300
1532900
1503700
1471800
1527000
1337000
1380900
1364000
1325100
1336000
1377900
1327000
1330200
1848800
1400000
1331800
1319400
1350000
1420000
1314500
1340500
1510100
1360400
1286900
1561100
1408700
1583800
1614500
1355500
1366400
1283300
1286200
1546500
1557400
1366600
1403700
1329300
1414800
1326300
1328400
1368700
1331700
1392700
1428900
1375100
1303800
1356600
1307800
1282300
1357600
1332800
1327000
1365800
1371100
1465600
1494300
1357500
1294700
1392800
1366100
1284200
1721900
1384800
1363300
1332700
1327400
1564000
1421200
1403700
1521900
1289800
1353700
1281700
1391300
1393500
1280700
1280000
1354900
1281000
1282100
1328400
1616300
1404500
1496300
1471400
1289500
1370200
1380000
1363300
1358800
1285300
1282100
1355200
1278500
1280400
1450100
1379700
1292000
1359000
1316200
1284600
1354200
1288500
1376600
1446200
1477100
1505000
1450900
1435400
1580100
1684200
1675700
1418700
1636500
1846200
1498600
1497300
1364500
1365300
1432700
1332800
1325900
1535000
1793200
1836100
1367900
1369500
1431000
1332200
1325900
1352600
1323900
1321700
1328300
1323700
1322300
1687000
1539400
1554100
1320100
1318800
1354700
1321100
1328800
1465900
1575200
1575400
1362500
1325000
1323800
1356700
1322400
1321800
1758100
1364100
1713600
1447600
1361500
1362900
1327200
1331600
1365600
1343700
1353400
1348000
1282500
1256000
1240500
1205900
1206800
1274700
1203700
1204300
1273600
1204400
1209400
1211800
1347900
1216900
1206600
1320000
1205800
1207100
1240600
1206700
1206300
1273300
1204800
1203900
1277200
1209000
1213200
1207500
1251000
1206800
1207500
1346700
1256400
1206600
1206100
1482400
1205800
1204600
1293100
1205700
1205200
1420300
1213600
1207000
1246700
1206200
1207400
1206000
1238600
1309600
1205600
1241000
1205600
1205900
1274700
1204700
1203600
1302100
1214000
1206300
1275300
1207300
1207700
1204500
1351700
1207900
1206900
1435400
1209500
1205300
1242600
1206200
1207500
1332000
1323900
1214400
1383800
1348700
1211500
1278000
1219800
1211900
1228800
1240100
1208700
1208600
1364500
1208400
1209700
1373900
1214100
1209000
1386100
1211000
1208100
1289000
1210500
1210200
1317500
1207200
1206400
1206300
1306700
1206600
1208300
1250300
1212700
1207900
1317300
1210200
