7340500
3034700
3043400
1567400
1299600
1295800
1342200
1310100
1450100
1338800
1097400
1091300
1158800
1083600
1217000
1143400
1091500
1152900
1083800
1157100
1090200
1089300
1317100
1243700
1097900
1152100
1321300
1077700
1082100
1132900
1100800
1095200
1163900
1145200
1112600
1083400
1328800
1236600
1097300
1161200
1075700
1095600
1175000
1146000
1116100
1116000
1154500
1158000
1129900
1166500
1283300
1266600
1172400
1086300
1102400
1126600
1157400
1097600
1158600
1133600
1138000
1107100
1141400
1144300
1200900
1301400
1251500
1119400
1120900
1191500
1168100
1166300
1166200
1137800
1174500
1077100
1155100
1076500
1254600
1298000
1095500
1095300
1085400
1171800
1087400
1087800
1156900
1098100
1088900
1090100
1337700
1290700
1195600
1156600
1089400
1073300
1084500
1178100
1104100
1180800
1167400
1178300
1139600
1196900
1163800
1089800
1198700
671300
831400
630900
618500
602000
601900
703200
649100
619000
603600
718400
707100
603100
603300
623400
4942900
646500
645600
603500
621200
623400
618600
592600
700100
584200
584100
601900
584900
584200
716300
585500
584300
584200
584800
645300
661100
584100
584500
603300
674300
584100
583900
602000
659900
584700
585300
586100
584100
586800
584200
584400
585500
583600
584300
624000
684000
584400
584000
597500
585400
584200
657200
586400
584400
584400
583600
585100
585400
627900
583500
699400
584800
584200
584700
642800
585400
584500
585700
585800
584700
585400
586800
585500
586600
588000
550500
770500
778100
584600
584700
596400
584500
583700
608600
613000
641400
585100
695000
584500
584900
675200
680300
583700
583800
584100
584100
660000
656400
550200
586100
589700
616500
584600
650500
583800
585200
583600
683700
600200
675400
584400
583400
587100
604500
642300
637400
632800
565200
592700
583600
583800
584700
692300
661800
584400
584000
583600
584000
650400
589000
583900
584100
589300
583800
584600
638500
584200
664600
735100
634300
714500
653500
584300
583700
590200
583900
584600
656900
584000
585100
584100
584300
867400
657500
583900
584500
583400
586700
584800
583700
627500
583700
622000
583800
583800
585300
680100
602600
859300
668600
604400
612200
714000
611400
584600
584600
588000
583800
586500
583600
583600
585000
585200
583400
583400
620800
584200
584100
583100
600000
584400
583700
588800
658200
584200
584500
585900
584400
661100
583600
583900
584400
584100
583900
569400
702400
585800
584600
587000
583700
584100
624500
584200
584600
585300
583800
584000
583300
657200
583800
653500
600600
585400
653600
641600
644100
605900
603900
638000
609000
649900
660700
584000
583600
583900
584400
583700
674500
584500
583800
586200
585300
584300
584000
692000
585200
586200
583800
583500
583300
661200
583700
583500
599100
584600
583900
587900
586200
584000
585500
583900
584800
585800
663700
583600
584900
583900
645000
604300
607900
646100
585500
565800
609700
588100
585100
660900
584000
584100
583900
584400
600500
584800
682100
586600
585500
584300
584800
584200
658900
586300
584600
584600
584000
584400
583800
658900
598500
585000
584400
585400
586400
648200
597700
584100
584400
585700
584700
584400
659500
762500
570300
573500
598700
584300
587100
584200
588300
583900
584300
583400
584500
728600
584800
584900
584300
584600
584200
586100
598600
585400
584300
584600
586200
584300
621100
584100
584800
585900
585400
584400
583800
586200
585700
550800
639100
585000
584700
632600
602400
584200
584700
583900
584900
585900
587000
584600
583800
584400
584800
583900
590400
587000
584400
584100
589000
584300
583900
703400
584000
584700
584500
584500
583500
584100
655800
583700
584000
584100
583800
583500
658500
598500
584100
583800
583500
584800
583700
652400
583800
583500
584000
584100
588800
584700
617200
583600
589200
583700
583800
584000
653900
584400
584800
565900
607800
585100
584200
705500
584500
584700
583700
584100
589600
621100
583500
583400
583200
584300
587300
551200
694700
583600
583600
584100
583400
595500
584400
621600
589100
584400
584500
583600
583400
586900
584600
584600
583200
584200
584300
583900
637900
599000
584400
583400
588400
584600
583600
632000
584000
584700
585400
585000
584200
586000
584500
584100
583700
600700
584400
584700
657700
584400
584200
584300
584300
584400
658000
584700
583800
572100
550200
638300
583400
670500
583800
584800
587500
584800
583700
583700
583900
584400
