1375000
727100
427600
283600
261500
276100
277300
267200
270500
270300
265400
267400
265900
266300
349100
269800
277400
256600
264300
258000
291500
268600
264700
255600
254900
260200
255900
254400
295700
257900
255400
258900
256600
256800
254800
256300
256800
255100
257300
256800
255400
256100
339100
256200
262400
258600
259400
275100
295400
256700
254800
257700
386600
290400
256100
427600
311700
263400
257600
255100
272300
311700
265100
279600
257100
270700
324800
208600
239500
169700
264500
169300
164800
156000
156800
156000
155400
157100
158600
160200
163400
164500
154500
161200
161300
156300
163600
156000
156200
162800
228200
158600
158100
162300
163000
166700
162500
157300
203900
182800
158300
214700
159400
162400
173900
164400
167600
164500
164200
165500
168200
174000
160500
161000
161700
159500
161200
162200
162000
161300
211600
194200
4240000
184700
163500
176300
185700
171700
171600
173200
236600
175200
162600
164000
161400
166900
261400
181500
213200
174900
176900
161400
164100
161500
160300
161500
161900
159500
2293900
171900
136400
134500
156500
155200
157300
152000
131900
133600
130900
145200
193100
146500
131400
131400
131300
131200
130800
131100
130700
130900
132000
131100
130600
131200
133900
130800
132100
130900
131600
130700
130800
130900
130800
131600
130600
167200
145100
181100
145800
126800
132500
131500
137600
145100
131800
131500
132100
131000
130700
130500
133600
131000
131000
131300
130500
136400
146000
131100
131100
131900
282700
150400
131200
136600
128000
127900
127200
127600
127500
126600
127000
127100
130000
150000
170800
141600
132200
127700
128300
127100
126800
127500
127500
126600
126600
127400
126600
128200
126600
129100
127100
127200
127200
126700
126200
126600
126400
125900
125800
126400
127200
126900
129000
127900
182800
145100
145700
131000
130500
146800
126700
127800
126800
127300
150800
135400
151400
126200
126900
127100
126600
127000
127800
126600
126700
126200
125900
125700
129400
127200
126700
127700
127200
126500
127200
127100
126700
127300
125900
126900
127100
128900
126600
126500
126000
126800
128300
126500
127100
127300
126600
126200
126300
126100
128600
127700
126200
126800
126000
126700
126800
127500
127300
128100
127100
126800
126500
128600
126600
127300
127000
126900
126700
126100
127000
126900
126800
125800
126700
130300
171100
166200
185300
168300
165800
150900
151200
149900
148600
170000
261200
154700
153900
155100
148100
149600
150400
147900
148600
148200
149400
257300
168700
149300
149100
149300
152500
148000
149700
149700
147700
149600
149900
150200
147600
148700
148700
147800
149800
152400
148600
149600
149400
147300
148900
148600
220600
147900
149400
149400
149600
149100
152100
148000
244600
206800
159100
158300
158000
159500
156800
168300
148600
149300
149100
152400
148400
150500
151800
149200
165100
148400
150000
147500
149400
148900
149000
150600
152300
149100
151000
151000
152100
149800
148200
150600
146900
149100
147500
148600
149000
152300
147700
150200
155300
238500
152600
148200
149700
147000
148800
148300
149100
150000
152200
148700
150000
151100
149500
149600
149000
150600
147500
149000
147700
151300
149000
151300
147600
150100
171400
178700
157300
151800
150000
147600
150800
149200
152200
150100
151900
148600
155400
151300
147400
149600
153300
150300
147200
150000
150700
153700
151100
154300
155000
172600
208700
147600
153900
153000
154900
151600
153500
162400
153800
151100
154200
151800
153900
150000
147600
149300
152000
154400
147800
157900
149000
149000
153700
155000
189100
191600
150200
147000
149400
147400
151200
150900
152800
150900
148100
155700
156300
149400
149000
149400
146500
149100
147900
150300
146800
150500
150600
148300
149900
173200
198900
151000
149500
148500
149500
147600
150100
149900
149300
149600
148600
149400
154200
148300
149700
150200
148400
148500
149000
148800
149900
148800
149200
148100
151000
224500
148000
148900
149700
148000
149500
148300
150300
148100
149100
148400
148700
149000
153700
148200
150700
150200
149500
148800
147700
149200
147400
148800
147400
147900
190500
189300
148800
149900
149000
148800
149200
148800
150000
147700
148900
148200
149000
151400
154600
149900
149700
149500
149100
150100
148900
151000
147800
149600
