1175600
900600
307300
205400
179900
194900
194300
192700
191500
204500
183600
194200
185200
183800
185100
188000
186400
185200
214400
201100
198000
191800
192700
191900
190800
194700
195400
191000
189400
195600
184600
188000
183200
188400
185000
184000
309800
254700
252400
192100
191900
188800
191500
192300
201300
189400
193000
193600
191200
191200
190700
194100
191000
191000
192800
194300
190900
194100
191100
194600
191300
192800
194000
190300
191700
190600
192900
189200
191700
190600
195800
143800
116400
116100
117400
123600
120300
119500
117000
114900
116200
117000
116100
119500
130000
112500
111400
119700
120300
123600
117400
111900
113700
116600
122700
125600
118900
116800
119300
114600
122400
156400
228100
181300
120100
122800
130200
164500
120300
135900
128100
122200
121100
116600
110300
118300
119300
116700
117600
114000
111800
118000
4253200
130100
176800
137200
120500
175400
116400
117500
114800
129000
111000
113400
113100
122900
111800
112400
112400
111800
112900
114200
113400
163600
140900
125800
114100
113800
2527600
145200
109400
111100
110100
112200
111900
108300
88300
88700
88100
102400
134800
113700
88300
88000
87700
87700
116800
102000
89600
88000
88200
87600
88200
87900
91700
88200
87900
87500
87900
87900
102800
89000
87600
88200
87700
88600
87900
90100
88000
88200
87900
87900
91500
91400
88900
88000
88700
87600
87600
87800
90800
87900
106500
133600
87900
88700
91700
92600
91500
90900
90500
90900
90900
94000
90800
91400
91000
90600
90500
90600
91100
90400
91200
117500
91300
90800
94400
90800
90900
90700
90700
91400
93600
91500
91100
91600
92100
101400
87700
89800
87800
88100
88000
87500
87700
87600
89100
87900
88800
88000
88500
87900
90100
88000
121200
102000
101900
88700
88100
89300
88600
88300
87900
88400
87800
90100
87600
88000
87800
88400
87700
87900
88800
88200
88300
87700
88200
111000
124500
88300
87900
87800
107500
101000
107100
102200
87900
88400
87700
87900
87900
103700
97000
99500
83400
83100
83000
83000
84700
83400
83200
83100
83000
83300
86100
83200
82900
83100
83200
82900
83600
83500
83200
83300
83200
83100
83100
84400
83200
104400
112900
83100
83100
82900
83600
83400
83100
82900
83100
82900
99800
108800
109800
109000
107900
109500
109800
110400
109800
109300
113200
109400
110000
112400
108800
109700
109700
108100
109600
110800
110900
108700
110300
110400
110000
110800
148500
109300
109400
109800
108100
110400
110200
110000
108600
110200
110300
109000
109900
112100
108900
109500
109500
108200
109700
111100
111100
109100
110500
110500
109600
110000
112300
108600
109100
109200
108200
109400
110300
146400
126700
110200
111900
109400
110200
113400
115400
103100
103400
102000
103700
105000
104700
103100
104400
104200
103900
103900
104900
102700
103100
103400
101800
103700
104000
103800
102300
104100
103300
102700
103400
106200
102900
103900
103400
101800
164900
118600
104800
102000
104400
103700
103800
103800
105900
102900
103700
103400
101900
103300
103600
105000
101900
103800
103600
103300
103400
106700
103000
103700
103500
101700
103800
107700
104600
105800
104200
103700
103600
104200
105500
103300
137800
103400
102300
105200
105000
106300
103100
104400
103600
103600
103800
106000
103200
103300
103400
105700
108000
111500
110600
103500
104800
103900
104600
105100
105500
115800
105300
106800
105100
106300
107700
110300
104000
104600
103700
106000
153100
111600
106200
110600
106300
106800
104200
107700
105600
106400
106200
104100
111600
111700
111400
105800
106900
111000
105800
110200
104100
104900
107800
108500
105100
105800
104200
111400
106400
103900
105700
102900
103500
104200
104600
146400
138900
114100
105400
104600
105900
105400
103200
109500
102700
103100
104100
103900
104200
107200
106200
102700
104600
105300
102500
103200
103400
101200
103300
104100
104600
103500
104900
104200
102700
105000
105700
102600
103600
103600
101200
165000
141700
111600
110200
111200
110500
108500
111100
111300
108200
110000
109400
107300
109500
110600
110700
110300
111400
111300
108800
111100
111200
109600
110800
110000
107600
109700
110300
110900
110300
111200
