503
292
959
617
466
608
909
779
953
753
222
926
544
394
492
626
147
277
152
18
945
271
311
35
293
395
724
95
969
323
136
171
703
834
114
734
124
795
240
930
759
258
491
456
548
777
792
471
172
790
722
34
22
876
42
160
912
249
931
339
610
797
719
375
6
583
944
968
713
196
75
126
449
563
646
310
840
163
334
241
470
883
63
198
810
985
956
217
319
435
855
61
273
916
462
976
474
736
458
206
941
666
459
581
631
957
849
138
219
861
766
204
963
345
383
609
393
5
290
450
889
670
62
550
837
347
948
589
43
461
294
807
552
433
373
360
634
348
315
70
446
39
898
872
341
304
299
921
874
320
882
318
866
741
215
402
118
935
13
551
880
100
82
482
430
961
504
380
187
167
642
579
493
400
660
683
300
123
285
891
30
444
884
762
54
887
556
791
785
649
501
768
140
937
67
486
532
399
897
122
186
604
521
982
32
572
991
416
813
109
303
516
238
928
266
721
190
162
384
940
847
463
193
902
735
568
505
115
267
802
711
117
828
340
689
527
184
775
91
648
869
531
659
12
793
574
58
612
757
110
403
481
582
549
547
588
620
747
250
925
885
701
904
220
586
566
799
675
637
89
48
208
130
890
951
28
209
132
378
852
139
624
731
44
542
742
137
176
873
564
611
647
410
915
77
879
142
213
134
856
625
832
534
936
108
515
366
575
143
297
848
938
546
362
593
234
262
853
436
479
239
671
116
86
629
605
867
507
437
585
704
216
442
328
966
744
200
242
681
627
407
495
601
420
96
992
314
680
987
905
287
886
559
640
419
224
227
811
87
888
452
518
686
908
251
950
144
657
964
302
607
41
645
978
379
178
365
307
342
283
990
778
337
11
23
260
896
628
755
602
336
720
276
69
301
246
972
201
429
194
543
106
743
690
21
616
903
113
781
485
312
506
831
685
606
536
288
321
398
322
107
998
899
351
372
149
787
346
577
247
918
650
598
584
615
632
16
49
679
841
169
298
14
595
177
286
827
717
120
473
760
64
525
805
733
639
112
695
428
391
684
154
280
355
692
382
843
825
269
672
270
93
478
374
363
274
264
865
148
798
151
316
635
570
105
74
50
729
476
939
817
83
468
633
752
820
830
438
818
406
401
390
860
971
59
850
358
565
997
923
651
669
80
842
253
36
469
594
554
127
667
599
480
913
975
272
740
614
121
338
829
212
562
868
994
185
252
370
94
53
168
600
773
553
175
161
557
25
424
862
343
638
836
754
573
725
796
451
522
159
45
214
457
291
749
496
819
88
489
183
508
191
153
688
73
980
426
26
332
806
623
295
812
490
700
415
977
226
927
676
66
851
155
329
57
141
484
97
68
509
237
643
698
371
368
101
653
102
782
824
644
228
691
439
513
72
901
9
181
726
24
774
758
425
875
367
986
317
90
411
892
596
578
619
826
914
133
235
158
199
361
289
10
870
79
472
2
705
561
524
156
845
47
377
225
325
465
919
730
84
569
500
46
51
330
263
523
218
823
99
590
911
170
244
211
814
296
256
687
223
864
776
514
76
709
125
418
746
641
708
789
455
92
308
423
359
98
376
421
979
488
78
922
210
464
877
207
453
716
111
357
331
392
230
417
71
696
195
352
460
932
924
538
821
29
954
771
487
182
309
989
652
164
231
404
943
803
661
580
498
783
988
678
665
150
808
668
656
794
408
833
467
541
434
674
682
967
528
857
350
502
854
104
838
189
397
654
85
441
878
279
38
804
748
443
894
981
180
448
770
732
157
278
929
129
800
327
146
958
694
529
962
621
413
326
815
233
259
499
128
739
917
613
630
282
697
81
750
477
995
714
19
55
558
858
761
1000
881
33
409
710
202
281
248
765
664
539
135
221
983
454
414
788
520
999
567
767
537
677
512
718
60
712
786
946
166
673
313
483
993
257
907
960
693
445
236
530
723
545
655
863
706
192
603
555
511
822
475
65
984
727
738
540
526
839
955
494
587
8
385
131
389
893
769
662
440
349
396
906
52
920
801
996
405
597
179
265
431
369
388
592
203
591
275
560
622
519
173
37
933
764
974
103
636
1
333
386
427
243
432
571
364
205
517
56
658
354
40
895
412
174
756
268
3
970
728
324
335
145
4
510
844
31
245
737
576
816
197
618
715
232
809
254
751
784
942
910
949
900
763
663
859
934
165
7
119
535
699
780
387
707
965
255
356
344
353
835
27
306
745
261
422
952
772
871
497
305
20
846
381
973
229
17
702
947
533
447
284
188
15
